  0   0   0  56 255 255 255 135   0   0   0   0 199 255 255 255
  0   0   0  56 255 255 255 135   0   0   0   0 199 255 255 255
  0   0   0  56 255 255 255 135   0   0   0   0 199 255 255 255
 56  56  56  87 199 199 199 106   0   0   0   0 199 255 255 255
255 255 255 199   0   0   0   0   0   0   0   0 199 255 255 255
255 255 255 199   0   0   0   0   0   0   0   0 199 255 255 255
255 255 255 199   0   0   0   0   0   0   0   0 199 255 255 255
135 135 135 119  60  60  60  32   0   0   0   0 199 255 255 255
  0   0   0  43 195 195 195 104   0   0   0   0 199 255 255 255
  0   0   0  56 255 255 255 135   0   0   0   0 199 255 255 255
  0   0   0  56 255 255 255 135   0   0   0   0 199 255 255 255
  0   0   0  56 255 255 255 135   0   0   0   0 199 255 255 255
  0   0   0  56 255 255 255 229 199 199 199 199  87  56  56  56
  0   0   0  56 255 255 255 255 255 255 255 255  56   0   0   0
  0   0   0  56 255 255 255 255 255 255 255 255  56   0   0   0
  0   0   0  56 255 255 255 255 255 255 255 255  56   0   0   0
  0   0   0  56 255 255 255 135   0   0   0   0 199 255 255 255
  0   0   0  56 255 255 255 135   0   0   0   0 199 255 255 255
  0   0   0  56 255 255 255 135   0   0   0   0 199 255 255 255
 56  56  56  87 199 199 199 106   0   0   0   0 199 255 255 255
255 255 255 199   0   0   0   0   0   0   0   0 199 255 255 255
255 255 255 199   0   0   0   0   0   0   0   0 199 255 255 255
255 255 255 199   0   0   0   0   0   0   0   0 199 255 255 255
135 135 135 119  60  60  60  32   0   0   0   0 199 255 255 255
  0   0   0  43 195 195 195 104   0   0   0   0 199 255 255 255
  0   0   0  56 255 255 255 135   0   0   0   0 199 255 255 255
  0   0   0  56 255 255 255 135   0   0   0   0 199 255 255 255
  0   0   0  56 255 255 255 135   0   0   0   0 199 255 255 255
  0   0   0  56 255 255 255 229 199 199 199 199  87  56  56  56
  0   0   0  56 255 255 255 255 255 255 255 255  56   0   0   0
  0   0   0  56 255 255 255 255 255 255 255 255  56   0   0   0
  0   0   0  56 255 255 255 255 255 255 255 255  56   0   0   0
  0   0   0  56 255 255 255 135   0   0   0   0 199 255 255 255
  0   0   0  56 255 255 255 135   0   0   0   0 199 255 255 255
  0   0   0  56 255 255 255 135   0   0   0   0 199 255 255 255
 56  56  56  87 199 199 199 106   0   0   0   0 199 255 255 255
255 255 255 199   0   0   0   0   0   0   0   0 199 255 255 255
255 255 255 199   0   0   0   0   0   0   0   0 199 255 255 255
255 255 255 199   0   0   0   0   0   0   0   0 199 255 255 255
135 135 135 119  60  60  60  32   0   0   0   0 199 255 255 255
  0   0   0  43 195 195 195 104   0   0   0   0 199 255 255 255
  0   0   0  56 255 255 255 135   0   0   0   0 199 255 255 255
  0   0   0  56 255 255 255 135   0   0   0   0 199 255 255 255
  0   0   0  56 255 255 255 135   0   0   0   0 199 255 255 255
  0   0   0  56 255 255 255 229 199 199 199 199  87  56  56  56
  0   0   0  56 255 255 255 255 255 255 255 255  56   0   0   0
  0   0   0  56 255 255 255 255 255 255 255 255  56   0   0   0
  0   0   0  56 255 255 255 255 255 255 255 255  56   0   0   0

255 255 255 255 255 255 255 255 255 255 255 244  57   1   0   0
255 255 255 255 255 255 255 255 255 255 255 244  57   1   0   0
254 254 254 254 254 254 254 254 254 254 254 243  58   2   1   1
197 197 197 197 197 197 197 197 197 197 197 191  88  58  57  57
 10  10  10  10  10  10  10  10  10  10  10  19 191 243 244 244
  0   0   0   0   0   0   0   0   0   0   0  10 197 254 255 255
  0   0   0   0   0   0   0   0   0   0   0  10 197 254 255 255
 59  59  59  47   4   0   0  14  45  59  59  67 210 254 255 255
195 195 194 154  14   0   0  45 149 195 195 197 241 255 255 255
255 255 254 202  18   0   0  60 195 255 255 255 255 255 255 255
255 255 254 202  18   0   0  60 195 255 255 255 255 255 255 255
236 236 235 190  33  18  18  69 184 236 236 236 236 236 236 236
 52  52  52  83 190 202 202 166  87  52  52  52  52  52  52  52
  0   0   1  52 235 254 254 194  59   0   0   0   0   0   0   0
  0   0   0  52 236 255 255 195  59   0   0   0   0   0   0   0
  0   0   0  52 236 255 255 195  59   0   0   0   0   0   0   0
255 255 255 255 255 255 255 255 255 255 255 244  57   1   0   0
255 255 255 255 255 255 255 255 255 255 255 244  57   1   0   0
254 254 254 254 254 254 254 254 254 254 254 243  58   2   1   1
197 197 197 197 197 197 197 197 197 197 197 191  88  58  57  57
 10  10  10  10  10  10  10  10  10  10  10  19 191 243 244 244
  0   0   0   0   0   0   0   0   0   0   0  10 197 254 255 255
  0   0   0   0   0   0   0   0   0   0   0  10 197 254 255 255
 59  59  59  47   4   0   0  14  45  59  59  67 210 254 255 255
195 195 194 154  14   0   0  45 149 195 195 197 241 255 255 255
255 255 254 202  18   0   0  60 195 255 255 255 255 255 255 255
255 255 254 202  18   0   0  60 195 255 255 255 255 255 255 255
236 236 235 190  33  18  18  69 184 236 236 236 236 236 236 236
 52  52  52  83 190 202 202 166  87  52  52  52  52  52  52  52
  0   0   1  52 235 254 254 194  59   0   0   0   0   0   0   0
  0   0   0  52 236 255 255 195  59   0   0   0   0   0   0   0
  0   0   0  52 236 255 255 195  59   0   0   0   0   0   0   0
255 255 255 255 255 255 255 255 255 255 255 244  57   1   0   0
255 255 255 255 255 255 255 255 255 255 255 244  57   1   0   0
254 254 254 254 254 254 254 254 254 254 254 243  58   2   1   1
197 197 197 197 197 197 197 197 197 197 197 191  88  58  57  57
 10  10  10  10  10  10  10  10  10  10  10  19 191 243 244 244
  0   0   0   0   0   0   0   0   0   0   0  10 197 254 255 255
  0   0   0   0   0   0   0   0   0   0   0  10 197 254 255 255
 59  59  59  47   4   0   0  14  45  59  59  67 210 254 255 255
195 195 194 154  14   0   0  45 149 195 195 197 241 255 255 255
255 255 254 202  18   0   0  60 195 255 255 255 255 255 255 255
255 255 254 202  18   0   0  60 195 255 255 255 255 255 255 255
236 236 235 190  33  18  18  69 184 236 236 236 236 236 236 236
 52  52  52  83 190 202 202 166  87  52  52  52  52  52  52  52
  0   0   1  52 235 254 254 194  59   0   0   0   0   0   0   0
  0   0   0  52 236 255 255 195  59   0   0   0   0   0   0   0
  0   0   0  52 236 255 255 195  59   0   0   0   0   0   0   0

  0   0   1  57 244 255 255 255 255 255 255 236  52   0   0   0
  0   0   1  57 244 255 255 255 255 255 255 236  52   0   0   0
  1   1   2  58 243 254 254 254 255 255 255 236  52   0   0   0
 57  57  58  88 191 197 197 210 241 255 255 236  52   0   0   0
244 244 243 191  19  10  10  67 197 255 255 236  52   0   0   0
255 255 254 197  10   0   0  59 195 255 255 236  52   0   0   0
255 255 254 197  10   0   0  59 195 255 255 236  52   0   0   0
255 255 254 197  10   0   0  45 149 195 195 184  87  59  59  59
255 255 254 197  10   0   0  14  45  60  60  69 166 194 195 195
255 255 254 197  10   0   0   0   0   0   0  18 202 254 255 255
255 255 254 197  10   0   0   0   0   0   0  18 202 254 255 255
255 255 254 197  10   0   0   4  14  18  18  33 190 235 236 236
255 255 254 197  10   0   0  47 154 202 202 190  83  52  52  52
255 255 254 197  10   0   0  59 194 254 254 235  52   1   0   0
255 255 254 197  10   0   0  59 195 255 255 236  52   0   0   0
255 255 254 197  10   0   0  59 195 255 255 236  52   0   0   0
  0   0   1  57 244 255 255 255 255 255 255 236  52   0   0   0
  0   0   1  57 244 255 255 255 255 255 255 236  52   0   0   0
  1   1   2  58 243 254 254 254 255 255 255 236  52   0   0   0
 57  57  58  88 191 197 197 210 241 255 255 236  52   0   0   0
244 244 243 191  19  10  10  67 197 255 255 236  52   0   0   0
255 255 254 197  10   0   0  59 195 255 255 236  52   0   0   0
255 255 254 197  10   0   0  59 195 255 255 236  52   0   0   0
255 255 254 197  10   0   0  45 149 195 195 184  87  59  59  59
255 255 254 197  10   0   0  14  45  60  60  69 166 194 195 195
255 255 254 197  10   0   0   0   0   0   0  18 202 254 255 255
255 255 254 197  10   0   0   0   0   0   0  18 202 254 255 255
255 255 254 197  10   0   0   4  14  18  18  33 190 235 236 236
255 255 254 197  10   0   0  47 154 202 202 190  83  52  52  52
255 255 254 197  10   0   0  59 194 254 254 235  52   1   0   0
255 255 254 197  10   0   0  59 195 255 255 236  52   0   0   0
255 255 254 197  10   0   0  59 195 255 255 236  52   0   0   0
  0   0   1  57 244 255 255 255 255 255 255 236  52   0   0   0
  0   0   1  57 244 255 255 255 255 255 255 236  52   0   0   0
  1   1   2  58 243 254 254 254 255 255 255 236  52   0   0   0
 57  57  58  88 191 197 197 210 241 255 255 236  52   0   0   0
244 244 243 191  19  10  10  67 197 255 255 236  52   0   0   0
255 255 254 197  10   0   0  59 195 255 255 236  52   0   0   0
255 255 254 197  10   0   0  59 195 255 255 236  52   0   0   0
255 255 254 197  10   0   0  45 149 195 195 184  87  59  59  59
255 255 254 197  10   0   0  14  45  60  60  69 166 194 195 195
255 255 254 197  10   0   0   0   0   0   0  18 202 254 255 255
255 255 254 197  10   0   0   0   0   0   0  18 202 254 255 255
255 255 254 197  10   0   0   4  14  18  18  33 190 235 236 236
255 255 254 197  10   0   0  47 154 202 202 190  83  52  52  52
255 255 254 197  10   0   0  59 194 254 254 235  52   1   0   0
255 255 254 197  10   0   0  59 195 255 255 236  52   0   0   0
255 255 254 197  10   0   0  59 195 255 255 236  52   0   0   0

  0   0   0   0   0   0   0  59 195 255 255 236  52   0   0   0
  0   0   0   0   0   0   0  59 195 255 255 236  52   0   0   0
  0   0   0   0   0   0   0  59 194 254 254 235  52   1   0   0
 52  52  52  52  52  52  52  87 166 202 202 190  83  52  52  52
236 236 236 236 236 236 236 184  69  18  18  33 190 235 236 236
255 255 255 255 255 255 255 195  60   0   0  18 202 254 255 255
255 255 255 255 255 255 255 195  60   0   0  18 202 254 255 255
255 255 255 241 197 195 195 149  45   0   0  14 154 194 195 195
255 255 254 210  67  59  59  45  14   0   0   4  47  59  59  59
255 255 254 197  10   0   0   0   0   0   0   0   0   0   0   0
255 255 254 197  10   0   0   0   0   0   0   0   0   0   0   0
244 244 243 191  19  10  10  10  10  10  10  10  10  10  10  10
 57  57  58  88 191 197 197 197 197 197 197 197 197 197 197 197
  1   1   2  58 243 254 254 254 254 254 254 254 254 254 254 254
  0   0   1  57 244 255 255 255 255 255 255 255 255 255 255 255
  0   0   1  57 244 255 255 255 255 255 255 255 255 255 255 255
  0   0   0   0   0   0   0  59 195 255 255 236  52   0   0   0
  0   0   0   0   0   0   0  59 195 255 255 236  52   0   0   0
  0   0   0   0   0   0   0  59 194 254 254 235  52   1   0   0
 52  52  52  52  52  52  52  87 166 202 202 190  83  52  52  52
236 236 236 236 236 236 236 184  69  18  18  33 190 235 236 236
255 255 255 255 255 255 255 195  60   0   0  18 202 254 255 255
255 255 255 255 255 255 255 195  60   0   0  18 202 254 255 255
255 255 255 241 197 195 195 149  45   0   0  14 154 194 195 195
255 255 254 210  67  59  59  45  14   0   0   4  47  59  59  59
255 255 254 197  10   0   0   0   0   0   0   0   0   0   0   0
255 255 254 197  10   0   0   0   0   0   0   0   0   0   0   0
244 244 243 191  19  10  10  10  10  10  10  10  10  10  10  10
 57  57  58  88 191 197 197 197 197 197 197 197 197 197 197 197
  1   1   2  58 243 254 254 254 254 254 254 254 254 254 254 254
  0   0   1  57 244 255 255 255 255 255 255 255 255 255 255 255
  0   0   1  57 244 255 255 255 255 255 255 255 255 255 255 255
  0   0   0   0   0   0   0  59 195 255 255 236  52   0   0   0
  0   0   0   0   0   0   0  59 195 255 255 236  52   0   0   0
  0   0   0   0   0   0   0  59 194 254 254 235  52   1   0   0
 52  52  52  52  52  52  52  87 166 202 202 190  83  52  52  52
236 236 236 236 236 236 236 184  69  18  18  33 190 235 236 236
255 255 255 255 255 255 255 195  60   0   0  18 202 254 255 255
255 255 255 255 255 255 255 195  60   0   0  18 202 254 255 255
255 255 255 241 197 195 195 149  45   0   0  14 154 194 195 195
255 255 254 210  67  59  59  45  14   0   0   4  47  59  59  59
255 255 254 197  10   0   0   0   0   0   0   0   0   0   0   0
255 255 254 197  10   0   0   0   0   0   0   0   0   0   0   0
244 244 243 191  19  10  10  10  10  10  10  10  10  10  10  10
 57  57  58  88 191 197 197 197 197 197 197 197 197 197 197 197
  1   1   2  58 243 254 254 254 254 254 254 254 254 254 254 254
  0   0   1  57 244 255 255 255 255 255 255 255 255 255 255 255
  0   0   1  57 244 255 255 255 255 255 255 255 255 255 255 255
